1330220693.69,38,0.0
1330220693.69,49,0.00386415557267
1330220693.69,50,0.00305163751373
1330220693.69,24,0.0458642682467
1330220693.69,25,0.0667116629043
1330220693.69,45,0.00216769712372
1330220693.7,46,0.000497009352868
1330220693.7,47,0.00702145365333
1330220693.7,47,0.00702145365333
1330220693.7,48,-0.0
1330220693.7,48,-0.0
1330220693.7,43,-0.0202506889522
1330220693.7,44,-0.0160186112238
1330220693.7,39,0.00216769712372
1330220693.7,40,0.00107167644354
1330220693.7,41,-0.000235619256112
1330220693.71,26,0.0
1330220693.71,42,0.0
1330220693.71,27,0.0
1330220693.71,20,-0.0825816012053
1330220693.71,21,-0.120118691906
1330220693.71,22,-0.0
1330220693.71,23,-0.0
1330220693.71,42,0.0
1330220693.71,49,0.00386415557267
1330220693.71,50,0.00305163751373
1330220693.72,45,0.00216769712372
1330220693.72,46,0.000497009352868
1330220693.72,47,0.00702145365333
1330220693.72,47,0.00702145365333
1330220693.72,48,-0.0
1330220693.72,48,-0.0
1330220693.72,43,-0.0202506889522
1330220693.72,44,-0.0160186112238
1330220693.72,39,0.00216769712372
1330220693.72,40,0.00107167644354
1330220693.73,41,-0.000235619256112
1330220693.73,22,-0.0
1330220693.73,23,-0.0
1330220693.73,38,0.0
1330220693.73,24,0.0458642682467
1330220693.73,25,0.0667116629043
1330220693.73,26,0.0
1330220693.73,27,0.0
1330220693.73,20,-0.0825816012053
1330220693.73,21,-0.120118691906
1330220693.73,41,-0.000235619256112
1330220693.74,49,0.00386415557267
1330220693.74,50,0.00305163751373
1330220693.74,45,0.00216769712372
1330220693.74,46,0.000497009352868
1330220693.74,47,0.00702145365333
1330220693.74,47,0.00702145365333
1330220693.74,48,-0.0
1330220693.74,48,-0.0
1330220693.74,43,-0.0202506889522
1330220693.74,44,-0.0160186112238
1330220693.75,39,0.00216769712372
1330220693.75,40,0.00107167644354
1330220693.75,42,0.0
1330220693.75,20,-0.0825816012053
1330220693.75,21,-0.120118691906
1330220693.75,38,0.0
1330220693.75,24,0.0458642682467
1330220693.75,25,0.0667116629043
1330220693.75,26,0.0
1330220693.75,27,0.0
1330220693.75,22,-0.0
1330220693.75,23,-0.0
1330220693.76,42,0.0
1330220693.76,49,0.00386415557267
1330220693.76,50,0.00305163751373
1330220693.76,45,0.00216769712372
1330220693.76,46,0.000497009352868
1330220693.76,47,0.00702145365333
1330220693.76,47,0.00702145365333
1330220693.76,48,-0.0
1330220693.76,48,-0.0
1330220693.77,43,-0.0202506889522
1330220693.77,44,-0.0160186112238
1330220693.77,39,0.00216769712372
1330220693.77,40,0.00107167644354
1330220693.77,41,-0.000235619256112
1330220693.77,22,-0.0
1330220693.77,23,-0.0
1330220693.78,38,0.0
1330220693.78,24,0.0458642682467
1330220693.78,25,0.0667116629043
1330220693.78,26,0.0
1330220693.78,27,0.0
1330220693.78,20,-0.0825816012053
1330220693.78,21,-0.120118691906
1330220693.78,41,-0.000235619256112
1330220693.79,49,0.00386415557267
1330220693.79,50,0.00305163751373
1330220693.79,45,0.00216769712372
1330220693.79,46,0.000497009352868
1330220693.79,47,0.00702145365333
1330220693.79,47,0.00702145365333
1330220693.79,48,-0.0
1330220693.79,48,-0.0
1330220693.79,43,-0.0202506889522
1330220693.8,44,-0.0160186112238
1330220693.8,39,0.00216769712372
1330220693.8,40,0.00107167644354
1330220693.8,42,0.0
1330220693.8,20,-0.0825816012053
1330220693.8,21,-0.120118691906
1330220693.8,38,0.0
1330220693.8,24,0.0458642682467
1330220693.8,25,0.0667116629043
1330220693.8,26,0.0
1330220693.8,27,0.0
1330220693.81,22,-0.0
1330220693.81,23,-0.0
1330220693.81,42,0.0
1330220693.81,49,0.00386415557267
1330220693.81,50,0.00305163751373
1330220693.81,45,0.00216769712372
1330220693.81,46,0.000497009352868
1330220693.81,47,0.00702145365333
1330220693.81,47,0.00702145365333
1330220693.81,48,-0.0
1330220693.82,48,-0.0
1330220693.82,43,-0.0202506889522
1330220693.82,44,-0.0160186112238
1330220693.82,39,0.00216769712372
1330220693.82,40,0.00107167644354
1330220693.82,41,-0.000235619256112
1330220693.82,22,-0.0
1330220693.82,23,-0.0
1330220693.82,38,0.0
1330220693.82,24,0.0458642682467
1330220693.82,25,0.0667116629043
1330220693.83,26,0.0
1330220693.83,27,0.0
1330220693.83,20,-0.0825816012053
1330220693.83,21,-0.120118691906
1330220693.83,41,-0.000235619256112
1330220693.83,49,0.00386415557267
1330220693.83,50,0.00305163751373
1330220693.83,45,0.00216769712372
1330220693.83,46,0.000497009352868
1330220693.83,47,0.00702145365333
1330220693.84,47,0.00702145365333
1330220693.84,48,-0.0
1330220693.84,48,-0.0
1330220693.84,43,-0.0202506889522
1330220693.84,44,-0.0160186112238
1330220693.84,39,0.00216769712372
1330220693.84,40,0.00107167644354
1330220693.84,42,0.0
1330220693.84,20,-0.0825816012053
1330220693.84,21,-0.120118691906
1330220693.85,38,0.0
1330220693.85,24,0.0458642682467
1330220693.85,25,0.0667116629043
1330220693.85,26,0.0
1330220693.85,27,0.0
1330220693.85,22,-0.0
1330220693.85,23,-0.0
1330220693.85,42,0.0
1330220693.85,49,0.00386415557267
1330220693.85,50,0.00305163751373
1330220693.85,45,0.00216769712372
1330220693.86,46,0.000497009352868
1330220693.86,22,-0.0
1330220693.86,47,0.00702145365333
1330220693.86,23,-0.0
1330220693.86,47,0.00702145365333
1330220693.86,48,-0.0
1330220693.86,38,0.0
1330220693.86,48,-0.0
1330220693.86,43,-0.0202506889522
1330220693.86,44,-0.0160186112238
1330220693.86,39,0.00216769712372
1330220693.87,40,0.00107167644354
1330220693.87,41,-0.000235619256112
1330220693.87,24,0.0458642682467
1330220693.87,25,0.0667116629043
1330220693.87,26,0.0
1330220693.87,27,0.0
1330220693.87,20,-0.0825816012053
1330220693.87,21,-0.120118691906
1330220693.87,41,-0.000235619256112
1330220693.87,49,0.00386415557267
1330220693.87,50,0.00305163751373
1330220693.88,45,0.00216769712372
1330220693.88,46,0.000497009352868
1330220693.88,47,0.00702145365333
1330220693.88,47,0.00702145365333
1330220693.88,48,-0.0
1330220693.88,48,-0.0
1330220693.88,43,-0.0202506889522
1330220693.88,44,-0.0160186112238
1330220693.88,39,0.00216769712372
1330220693.88,40,0.00107167644354
1330220693.88,42,0.0
1330220693.89,20,-0.0825816012053
1330220693.89,21,-0.120118691906
1330220693.89,38,0.0
1330220693.89,24,0.0458642682467
1330220693.89,25,0.0667116629043
1330220693.89,26,0.0
1330220693.89,27,0.0
1330220693.89,22,-0.0
1330220693.89,23,-0.0
1330220693.89,42,0.0
1330220693.89,49,0.00386415557267
1330220693.9,50,0.00305163751373
1330220693.9,45,0.00216769712372
1330220693.9,46,0.000497009352868
1330220693.9,47,0.00702145365333
1330220693.9,47,0.00702145365333
1330220693.9,22,-0.0
1330220693.9,23,-0.0
1330220693.9,48,-0.0
1330220693.9,38,0.0
1330220693.9,24,0.0458642682467
1330220693.9,25,0.0667116629043
1330220693.91,48,-0.0
1330220693.91,43,-0.0202506889522
1330220693.91,44,-0.0160186112238
1330220693.91,26,0.0
1330220693.91,27,0.0
1330220693.91,20,-0.0825816012053
1330220693.91,21,-0.120118691906
1330220693.91,39,0.00216769712372
1330220693.91,40,0.00107167644354
1330220693.91,41,-0.000235619256112
1330220693.92,41,-0.000235619256112
1330220693.92,49,0.00386415557267
1330220693.92,50,0.00305163751373
1330220693.92,45,0.00216769712372
1330220693.92,46,0.000497009352868
1330220693.92,47,0.00702145365333
1330220693.92,47,0.00702145365333
1330220693.92,48,-0.0
1330220693.92,48,-0.0
1330220693.92,43,-0.0202506889522
1330220693.92,44,-0.0160186112238
1330220693.93,39,0.00216769712372
1330220693.93,40,0.00107167644354
1330220693.93,42,0.0
1330220693.93,20,-0.0825816012053
1330220693.93,21,-0.120118691906
1330220693.93,38,0.0
1330220693.93,24,0.0458642682467
1330220693.93,25,0.0667116629043
1330220693.93,26,0.0
1330220693.93,27,0.0
1330220693.93,22,-0.0
1330220693.94,23,-0.0
1330220693.94,42,0.0
1330220693.94,49,0.00386415557267
1330220693.94,50,0.00305163751373
1330220693.94,45,0.00216769712372
1330220693.94,46,0.000497009352868
1330220693.94,47,0.00702145365333
1330220693.94,47,0.00702145365333
1330220693.94,22,-0.0
1330220693.94,23,-0.0
1330220693.95,48,-0.0
1330220693.95,48,-0.0
1330220693.95,38,0.0
1330220693.95,24,0.0458642682467
1330220693.95,25,0.0667116629043
1330220693.95,43,-0.0202506889522
1330220693.95,44,-0.0160186112238
1330220693.95,26,0.0
1330220693.95,27,0.0
1330220693.95,20,-0.0825816012053
1330220693.96,21,-0.120118691906
1330220693.96,39,0.00216769712372
1330220693.96,40,0.00107167644354
1330220693.96,41,-0.000235619256112
1330220693.96,41,-0.000235619256112
1330220693.96,49,0.00386415557267
1330220693.96,50,0.00305163751373
1330220693.96,45,0.00216769712372
1330220693.96,46,0.000497009352868
1330220693.96,47,0.00702145365333
1330220693.97,47,0.00702145365333
1330220693.97,48,-0.0
1330220693.97,20,-0.0825816012053
1330220693.97,21,-0.120118691906
1330220693.97,38,0.0
1330220693.97,48,-0.0
1330220693.97,43,-0.0202506889522
1330220693.97,44,-0.0160186112238
1330220693.97,24,0.0458642682467
1330220693.97,25,0.0667116629043
1330220693.97,26,0.0
1330220693.98,27,0.0
1330220693.98,39,0.00216769712372
1330220693.98,40,0.00107167644354
1330220693.98,22,-0.0
1330220693.98,23,-0.0
1330220693.98,42,0.0
1330220693.98,42,0.0
1330220693.98,49,0.00386415557267
1330220693.98,50,0.00305163751373
1330220693.98,45,0.00216769712372
1330220693.99,46,0.000497009352868
1330220693.99,47,0.00702145365333
1330220693.99,22,-0.0
1330220693.99,23,-0.0
1330220693.99,47,0.00702145365333
1330220693.99,48,-0.0
1330220693.99,38,0.0
1330220693.99,24,0.0458642682467
1330220693.99,25,0.0667116629043
1330220693.99,48,-0.0
1330220694.0,43,-0.0202506889522
1330220694.0,44,-0.0160186112238
1330220694.0,26,0.0
1330220694.0,27,0.0
1330220694.0,20,-0.0825816012053
1330220694.0,21,-0.120118691906
1330220694.0,39,0.00216769712372
1330220694.0,40,0.00107167644354
1330220694.0,41,-0.000235619256112
1330220694.0,41,-0.000235619256112
1330220694.01,49,0.00386415557267
1330220694.01,50,0.00305163751373
1330220694.01,45,0.00216769712372
1330220694.01,46,0.000497009352868
1330220694.01,47,0.00702145365333
1330220694.01,20,-0.0825816012053
1330220694.01,21,-0.120118691906
1330220694.01,47,0.00702145365333
1330220694.01,38,0.0
1330220694.01,48,-0.0
1330220694.01,24,0.0458642682467
1330220694.02,25,0.0667116629043
1330220694.02,48,-0.0
1330220694.02,43,-0.0202506889522
1330220694.02,44,-0.0160186112238
1330220694.02,26,0.0
1330220694.02,27,0.0
1330220694.02,39,0.00216769712372
1330220694.02,40,0.00107167644354
1330220694.02,22,-0.0
1330220694.02,42,0.0
1330220694.02,23,-0.0
1330220694.03,42,0.0
1330220694.03,49,0.00386415557267
1330220694.03,50,0.00305163751373
1330220694.03,45,0.00216769712372
1330220694.03,46,0.000497009352868
1330220694.03,47,0.00702145365333
1330220694.03,47,0.00702145365333
1330220694.03,22,-0.0
1330220694.03,23,-0.0
1330220694.03,48,-0.0
1330220694.03,38,0.0
1330220694.04,24,0.0458642682467
1330220694.04,25,0.0667116629043
1330220694.04,48,-0.0
1330220694.04,43,-0.0202506889522
1330220694.04,44,-0.0160186112238
1330220694.04,26,0.0
1330220694.04,27,0.0
1330220694.04,20,-0.0825816012053
1330220694.04,21,-0.120118691906
1330220694.04,39,0.00216769712372
1330220694.04,40,0.00107167644354
1330220694.05,41,-0.000235619256112
1330220694.05,41,-0.000235619256112
1330220694.05,49,0.00386415557267
1330220694.05,50,0.00305163751373
1330220694.05,45,0.00216769712372
1330220694.05,46,0.000497009352868
1330220694.05,47,0.00702145365333
1330220694.05,47,0.00702145365333
1330220694.05,48,-0.0
1330220694.05,20,-0.0825816012053
1330220694.05,21,-0.120118691906
1330220694.06,38,0.0
1330220694.06,48,-0.0
1330220694.06,43,-0.0202506889522
1330220694.06,44,-0.0160186112238
1330220694.06,24,0.0458642682467
1330220694.06,25,0.0667116629043
1330220694.06,26,0.0
1330220694.06,27,0.0
1330220694.06,39,0.00216769712372
1330220694.06,40,0.00107167644354
1330220694.07,22,-0.0
1330220694.07,42,0.0
1330220694.07,23,-0.0
1330220694.07,42,0.0
1330220694.07,49,0.00386415557267
1330220694.07,50,0.00305163751373
1330220694.07,45,0.00216769712372
1330220694.07,46,0.000497009352868
1330220694.07,47,0.00702145365333
1330220694.07,47,0.00702145365333
1330220694.07,22,-0.0
1330220694.08,23,-0.0
1330220694.08,48,-0.0
1330220694.08,48,-0.0
1330220694.08,38,0.0
1330220694.08,24,0.0458642682467
1330220694.08,25,0.0667116629043
1330220694.08,43,-0.0202506889522
1330220694.08,44,-0.0160186112238
1330220694.08,26,0.0
1330220694.08,27,0.0
1330220694.08,20,-0.0825816012053
1330220694.09,21,-0.120118691906
1330220694.09,39,0.00216769712372
1330220694.09,40,0.00107167644354
1330220694.09,41,-0.000235619256112
1330220694.09,41,-0.000235619256112
1330220694.09,49,0.00386415557267
1330220694.09,50,0.00305163751373
1330220694.09,45,0.00216769712372
1330220694.09,46,0.000497009352868
1330220694.09,47,0.00702145365333
1330220694.1,47,0.00702145365333
1330220694.1,48,-0.0
1330220694.1,48,-0.0
1330220694.1,43,-0.0202506889522
1330220694.1,44,-0.0160186112238
1330220694.1,39,0.00216769712372
1330220694.1,40,0.00107167644354
1330220694.1,42,0.0
1330220694.1,20,-0.0825816012053
1330220694.1,21,-0.120118691906
1330220694.1,38,0.0
1330220694.11,24,0.0458642682467
1330220694.11,25,0.0667116629043
1330220694.11,26,0.0
1330220694.11,27,0.0
1330220694.11,22,-0.0
1330220694.11,23,-0.0
1330220694.11,42,0.0
1330220694.11,49,0.00386415557267
1330220694.11,50,0.00305163751373
1330220694.11,45,0.00216769712372
1330220694.11,46,0.000497009352868
1330220694.12,47,0.00702145365333
1330220694.12,47,0.00702145365333
1330220694.12,22,-0.0
1330220694.12,23,-0.0
1330220694.12,48,-0.0
1330220694.12,38,0.0
1330220694.12,48,-0.0
1330220694.12,24,0.0458642682467
1330220694.12,25,0.0667116629043
1330220694.12,43,-0.0202506889522
1330220694.13,44,-0.0160186112238
1330220694.13,39,0.00216769712372
1330220694.13,26,0.0
1330220694.13,40,0.00107167644354
1330220694.13,27,0.0
1330220694.13,20,-0.0825816012053
1330220694.13,21,-0.120118691906
1330220694.13,41,-0.000235619256112
1330220694.13,41,-0.000235619256112
1330220694.13,49,0.00386415557267
1330220694.13,50,0.00305163751373
1330220694.14,45,0.00216769712372
1330220694.14,46,0.000497009352868
1330220694.14,47,0.00702145365333
1330220694.14,47,0.00702145365333
1330220694.14,20,-0.0825816012053
1330220694.14,21,-0.120118691906
1330220694.14,48,-0.0
1330220694.14,38,0.0
1330220694.14,24,0.0458642682467
1330220694.14,25,0.0667116629043
1330220694.15,48,-0.0
1330220694.15,43,-0.0202506889522
1330220694.15,44,-0.0160186112238
1330220694.15,26,0.0
1330220694.15,39,0.00216769712372
1330220694.15,27,0.0
1330220694.15,40,0.00107167644354
1330220694.15,22,-0.0
1330220694.15,23,-0.0
1330220694.15,42,0.0
1330220694.15,42,0.0
1330220694.16,49,0.00386415557267
1330220694.16,50,0.00305163751373
1330220694.16,45,0.00216769712372
1330220694.16,46,0.000497009352868
1330220694.16,47,0.00702145365333
1330220694.16,47,0.00702145365333
1330220694.16,22,-0.0
1330220694.16,23,-0.0
1330220694.16,48,-0.0
1330220694.16,38,0.0
1330220694.16,24,0.0458642682467
1330220694.17,25,0.0667116629043
1330220694.17,48,-0.0
1330220694.17,43,-0.0202506889522
1330220694.17,44,-0.0160186112238
1330220694.17,26,0.0
1330220694.17,27,0.0
1330220694.17,20,-0.0825816012053
1330220694.17,21,-0.120118691906
1330220694.17,39,0.00216769712372
1330220694.17,40,0.00107167644354
1330220694.17,41,-0.000235619256112
1330220694.18,41,-0.000235619256112
1330220694.18,49,0.00386415557267
1330220694.18,50,0.00305163751373
1330220694.18,45,0.00216769712372
1330220694.18,46,0.000497009352868
1330220694.18,47,0.00702145365333
1330220694.18,20,-0.0825816012053
1330220694.18,21,-0.120118691906
1330220694.18,47,0.00702145365333
1330220694.18,48,-0.0
1330220694.18,38,0.0
1330220694.19,24,0.0458642682467
1330220694.19,25,0.0667116629043
1330220694.19,48,-0.0
1330220694.19,43,-0.0202506889522
1330220694.19,44,-0.0160186112238
1330220694.19,26,0.0
1330220694.19,27,0.0
1330220694.19,39,0.00216769712372
1330220694.19,40,0.00107167644354
1330220694.19,22,-0.0
1330220694.2,42,0.0
1330220694.2,23,-0.0
1330220694.2,42,0.0
1330220694.2,49,0.00386415557267
1330220694.2,50,0.00305163751373
1330220694.2,45,0.00216769712372
1330220694.2,46,0.000497009352868
1330220694.2,47,0.00702145365333
1330220694.2,47,0.00702145365333
1330220694.2,48,-0.0
1330220694.2,48,-0.0
1330220694.21,43,-0.0202506889522
1330220694.21,44,-0.0160186112238
1330220694.21,39,0.00216769712372
1330220694.21,40,0.00107167644354
1330220694.21,41,-0.000235619256112
1330220694.21,22,-0.0
1330220694.21,23,-0.0
1330220694.21,38,0.0
1330220694.21,24,0.0458642682467
1330220694.21,25,0.0667116629043
1330220694.21,26,0.0
1330220694.22,27,0.0
1330220694.22,20,-0.0825816012053
1330220694.22,21,-0.120118691906
1330220694.22,41,-0.000235619256112
1330220694.22,49,0.00386415557267
1330220694.22,50,0.00305163751373
1330220694.22,45,0.00216769712372
1330220694.22,46,0.000497009352868
1330220694.22,47,0.00702145365333
1330220694.22,47,0.00702145365333
1330220694.23,48,-0.0
1330220694.23,48,-0.0
1330220694.23,43,-0.0202506889522
1330220694.23,44,-0.0160186112238
1330220694.23,39,0.00216769712372
1330220694.23,40,0.00107167644354
1330220694.23,42,0.0
1330220694.23,20,-0.0825816012053
1330220694.23,21,-0.120118691906
1330220694.23,38,0.0
1330220694.23,24,0.0458642682467
1330220694.24,25,0.0667116629043
1330220694.24,26,0.0
1330220694.24,27,0.0
1330220694.24,22,-0.0
1330220694.24,23,-0.0
1330220694.24,42,0.0
1330220694.24,49,0.00386415557267
1330220694.24,50,0.00305163751373
1330220694.24,45,0.00216769712372
1330220694.24,46,0.000497009352868
1330220694.24,47,0.00702145365333
1330220694.25,47,0.00702145365333
1330220694.25,22,-0.0
1330220694.25,23,-0.0
1330220694.25,48,-0.0
1330220694.25,38,0.0
1330220694.25,24,0.0458642682467
1330220694.25,25,0.0667116629043
1330220694.25,48,-0.0
1330220694.25,43,-0.0202506889522
1330220694.25,44,-0.0160186112238
1330220694.26,26,0.0
1330220694.26,27,0.0
1330220694.26,20,-0.0825816012053
1330220694.26,21,-0.120118691906
1330220694.26,39,0.00216769712372
1330220694.26,40,0.00107167644354
1330220694.26,41,-0.000235619256112
1330220694.26,41,-0.000235619256112
1330220694.26,49,0.00386415557267
1330220694.26,50,0.00305163751373
1330220694.26,45,0.00216769712372
1330220694.27,46,0.000497009352868
1330220694.27,47,0.00702145365333
1330220694.27,47,0.00702145365333
1330220694.27,20,-0.0825816012053
1330220694.27,48,-0.0
1330220694.27,21,-0.120118691906
1330220694.27,38,0.0
1330220694.27,42,0.0
1330220694.27,49,0.00386415557267
1330220694.27,50,0.00305163751373
1330220694.27,45,0.00216769712372
1330220694.28,46,0.000497009352868
1330220694.28,47,0.00702145365333
1330220694.28,22,-0.0
1330220694.28,23,-0.0
1330220694.28,47,0.00702145365333
1330220694.28,48,-0.0
1330220694.28,48,-0.0
1330220694.28,41,-0.000235619256112
1330220694.28,49,0.00386415557267
1330220694.28,50,0.00305163751373
1330220694.28,45,0.00216769712372
1330220694.29,46,0.000497009352868
1330220694.29,47,0.00702145365333
1330220694.29,47,0.00702145365333
1330220694.29,20,-0.0825816012053
1330220694.29,21,-0.120118691906
1330220694.29,48,-0.0
1330220694.29,42,0.0
1330220694.29,49,0.00386415557267
1330220694.29,50,0.00305163751373
1330220694.3,45,0.00216769712372
1330220694.3,46,0.000497009352868
1330220694.3,47,0.00702145365333
1330220694.3,47,0.00702145365333
1330220694.3,48,-0.0
1330220694.3,48,-0.0
1330220694.3,43,-0.0202506889522
1330220694.3,22,-0.0
1330220694.3,41,-0.000235619256112
1330220694.31,49,0.00386415557267
1330220694.31,50,0.00305163751373
1330220694.31,45,0.00216769712372
1330220694.31,46,0.000497009352868
1330220694.31,47,0.00702145365333
1330220694.31,47,0.00702145365333
1330220694.31,20,-0.0825816012053
1330220694.31,21,-0.120118691906
1330220694.31,48,-0.0
1330220694.31,42,0.0
1330220694.31,49,0.00386415557267
1330220694.31,50,0.00305163751373
1330220694.32,45,0.00216769712372
1330220694.32,46,0.000497009352868
1330220694.32,47,0.00702145365333
1330220694.32,47,0.00702145365333
1330220694.32,22,-0.0
1330220694.32,48,-0.0
1330220694.32,41,-0.000235619256112
1330220694.32,49,0.00386415557267
1330220694.32,50,0.00305163751373
1330220694.32,45,0.00216769712372
1330220694.32,46,0.000497009352868
1330220694.32,47,0.00702145365333
1330220694.33,20,-0.0825816012053
1330220694.33,21,-0.120118691906
1330220694.33,47,0.00702145365333
1330220694.33,38,0.0
1330220694.33,48,-0.0
1330220694.33,42,0.0
1330220694.33,49,0.00386415557267
1330220694.33,50,0.00305163751373
1330220694.33,45,0.00216769712372
1330220694.33,46,0.000497009352868
1330220694.33,47,0.00702145365333
1330220694.33,47,0.00702145365333
1330220694.34,22,-0.0
1330220694.34,23,-0.0
1330220694.34,48,-0.0
1330220694.34,38,0.0
1330220694.34,41,-0.000235619256112
1330220694.34,49,0.00386415557267
1330220694.34,50,0.00305163751373
1330220694.34,45,0.00216769712372
1330220694.34,46,0.000497009352868
1330220694.34,47,0.00702145365333
1330220694.34,47,0.00702145365333
1330220694.34,20,-0.0825816012053
1330220694.35,21,-0.120118691906
1330220694.35,48,-0.0
1330220694.35,48,-0.0
1330220694.35,42,0.0
1330220694.35,49,0.00386415557267
1330220694.35,50,0.00305163751373
1330220694.35,45,0.00216769712372
1330220694.35,46,0.000497009352868
1330220694.35,47,0.00702145365333
1330220694.35,47,0.00702145365333
1330220694.35,48,-0.0
1330220694.35,48,-0.0
1330220694.36,43,-0.0202506889522
1330220694.36,39,0.00216769712372
1330220694.36,41,-0.000235619256112
1330220694.36,49,0.00386415557267
1330220694.36,50,0.00305163751373
1330220694.36,45,0.00216769712372
1330220694.36,46,0.000497009352868
1330220694.36,47,0.00702145365333
1330220694.36,20,-0.0825816012053
1330220694.36,21,-0.120118691906
1330220694.36,47,0.00702145365333
1330220694.36,48,-0.0
1330220694.37,39,0.00216769712372
1330220694.37,42,0.0
1330220694.37,49,0.00386415557267
1330220694.37,50,0.00305163751373
1330220694.37,45,0.00216769712372
1330220694.37,46,0.000497009352868
1330220694.37,47,0.00702145365333
1330220694.37,47,0.00702145365333
1330220694.37,22,-0.0
1330220694.37,23,-0.0
1330220694.37,48,-0.0
1330220694.37,41,-0.000235619256112
1330220694.38,49,0.00386415557267
1330220694.38,50,0.00305163751373
1330220694.38,45,0.00216769712372
1330220694.38,46,0.000497009352868
1330220694.38,47,0.00702145365333
1330220694.38,47,0.00702145365333
1330220694.38,20,-0.0825816012053
1330220694.38,21,-0.120118691906
1330220694.38,48,-0.0
1330220694.38,38,0.0
1330220694.38,42,0.0
1330220694.38,49,0.00386415557267
1330220694.39,50,0.00305163751373
1330220694.39,45,0.00216769712372
1330220694.39,46,0.000497009352868
1330220694.39,47,0.00702145365333
1330220694.39,47,0.00702145365333
1330220694.39,22,-0.0
1330220694.39,23,-0.0
1330220694.39,48,-0.0
1330220694.39,43,-0.0202506889522
1330220694.39,41,-0.000235619256112
1330220694.39,49,0.00386415557267
1330220694.39,50,0.00305163751373
1330220694.4,45,0.00216769712372
1330220694.4,46,0.000497009352868
1330220694.4,47,0.00702145365333
1330220694.4,47,0.00702145365333
1330220694.4,48,-0.0
1330220694.4,48,-0.0
1330220694.4,43,-0.0202506889522
1330220694.4,20,-0.0825816012053
1330220694.4,42,0.0
1330220694.4,49,0.00386415557267
1330220694.4,50,0.00305163751373
1330220694.4,45,0.00216769712372
1330220694.41,46,0.000497009352868
1330220694.41,47,0.00702145365333
1330220694.41,47,0.00702145365333
1330220694.41,22,-0.0
1330220694.41,23,-0.0
1330220694.41,48,-0.0
1330220694.41,41,-0.000235619256112
1330220694.41,49,0.00386415557267
1330220694.41,50,0.00305163751373
1330220694.41,45,0.00216769712372
1330220694.41,46,0.000497009352868
1330220694.42,47,0.00702145365333
1330220694.42,20,-0.0825816012053
1330220694.42,21,-0.120118691906
1330220694.42,47,0.00702145365333
1330220694.42,48,-0.0
1330220694.42,40,0.00107167644354
1330220694.42,42,0.0
1330220694.42,49,0.00386415557267
1330220694.42,50,0.00305163751373
1330220694.42,45,0.00216769712372
1330220694.42,46,0.000497009352868
1330220694.42,47,0.00702145365333
1330220694.43,47,0.00702145365333
1330220694.43,22,-0.0
1330220694.43,23,-0.0
1330220694.43,48,-0.0
1330220694.43,41,-0.000235619256112
1330220694.43,49,0.00386415557267
1330220694.43,50,0.00305163751373
1330220694.43,45,0.00216769712372
1330220694.43,46,0.000497009352868
1330220694.43,47,0.00702145365333
1330220694.43,47,0.00702145365333
1330220694.43,48,-0.0
1330220694.44,48,-0.0
1330220694.44,43,-0.0202506889522
1330220694.44,44,-0.0160186112238
1330220694.44,42,0.0
1330220694.44,49,0.00386415557267
1330220694.44,50,0.00305163751373
1330220694.44,45,0.00216769712372
1330220694.44,46,0.000497009352868
1330220694.44,47,0.00702145365333
1330220694.44,47,0.00702145365333
1330220694.44,48,-0.0
1330220694.44,48,-0.0
1330220694.45,43,-0.0202506889522
1330220694.45,41,-0.000235619256112
1330220694.45,49,0.00386415557267
1330220694.45,50,0.00305163751373
1330220694.45,45,0.00216769712372
1330220694.45,46,0.000497009352868
1330220694.45,47,0.00702145365333
1330220694.45,47,0.00702145365333
1330220694.45,48,-0.0
1330220694.45,48,-0.0
1330220694.45,43,-0.0202506889522
1330220694.46,44,-0.0160186112238
1330220694.46,42,0.0
1330220694.46,49,0.00386415557267
1330220694.46,50,0.00305163751373
1330220694.46,45,0.00216769712372
1330220694.46,46,0.000497009352868
1330220694.46,47,0.00702145365333
1330220694.46,47,0.00702145365333
1330220694.46,48,-0.0
1330220694.46,48,-0.0
1330220694.46,43,-0.0202506889522
1330220694.46,44,-0.0160186112238
1330220694.47,41,-0.000235619256112
1330220694.47,49,0.00386415557267
1330220694.47,50,0.00305163751373
1330220694.47,45,0.00216769712372
1330220694.47,46,0.000497009352868
1330220694.47,47,0.00702145365333
1330220694.47,47,0.00702145365333
1330220694.47,48,-0.0
1330220694.47,48,-0.0
1330220694.47,43,-0.0202506889522
1330220694.48,42,0.0
1330220694.48,49,0.00386415557267
1330220694.48,50,0.00305163751373
1330220694.48,45,0.00216769712372
1330220694.48,46,0.000497009352868
1330220694.48,47,0.00702145365333
1330220694.48,47,0.00702145365333
1330220694.48,48,-0.0
1330220694.48,48,-0.0
1330220694.48,43,-0.0202506889522
1330220694.48,44,-0.0160186112238
1330220694.48,41,-0.000235619256112
1330220694.49,49,0.00386415557267
1330220694.49,50,0.00305163751373
1330220694.49,45,0.00216769712372
1330220694.49,46,0.000497009352868
1330220694.49,47,0.00702145365333
1330220694.49,47,0.00702145365333
1330220694.49,48,-0.0
1330220694.49,48,-0.0
1330220694.49,43,-0.0202506889522
1330220694.49,44,-0.0160186112238
1330220694.49,42,0.0
1330220694.5,49,0.00386415557267
1330220694.5,50,0.00305163751373
1330220694.5,45,0.00216769712372
1330220694.5,46,0.000497009352868
1330220694.5,47,0.00702145365333
1330220694.5,47,0.00702145365333
1330220694.5,48,-0.0
1330220694.5,48,-0.0
1330220694.5,43,-0.0202506889522
1330220694.5,41,-0.000235619256112
1330220694.5,41,-0.000235619256112
1330220694.5,49,0.00386415557267
1330220694.51,50,0.00305163751373
1330220694.51,45,0.00216769712372
1330220694.51,46,0.000497009352868
1330220694.51,47,0.00702145365333
1330220694.51,47,0.00702145365333
1330220694.51,48,-0.0
1330220694.51,48,-0.0
1330220694.51,43,-0.0202506889522
1330220694.51,42,0.0
1330220694.51,49,0.00386415557267
1330220694.51,50,0.00305163751373
1330220694.51,45,0.00216769712372
1330220694.52,46,0.000497009352868
1330220694.52,47,0.00702145365333
1330220694.52,47,0.00702145365333
1330220694.52,48,-0.0
1330220694.52,48,-0.0
1330220694.52,43,-0.0202506889522
1330220694.52,44,-0.0160186112238
1330220694.52,41,-0.000235619256112
1330220694.52,49,0.00386415557267
1330220694.52,50,0.00305163751373
1330220694.52,45,0.00216769712372
1330220694.52,46,0.000497009352868
1330220694.53,47,0.00702145365333
1330220694.53,47,0.00702145365333
1330220694.53,48,-0.0
1330220694.53,48,-0.0
1330220694.53,43,-0.0202506889522
1330220694.53,44,-0.0160186112238
1330220694.53,42,0.0
1330220694.53,49,0.00386415557267
1330220694.53,50,0.00305163751373
1330220694.53,45,0.00216769712372
1330220694.53,46,0.000497009352868
1330220694.54,47,0.00702145365333
1330220694.54,47,0.00702145365333
1330220694.54,48,-0.0
1330220694.54,48,-0.0
1330220694.54,43,-0.0202506889522
1330220694.54,44,-0.0160186112238
1330220694.54,41,-0.000235619256112
1330220694.54,49,0.00386415557267
1330220694.54,50,0.00305163751373
1330220694.54,45,0.00216769712372
1330220694.54,46,0.000497009352868
1330220694.54,47,0.00702145365333
1330220694.55,47,0.00702145365333
1330220694.55,48,-0.0
1330220694.55,48,-0.0
1330220694.55,43,-0.0202506889522
1330220694.55,42,0.0
1330220694.55,49,0.00386415557267
1330220694.55,50,0.00305163751373
1330220694.55,45,0.00216769712372
1330220694.55,46,0.000497009352868
1330220694.55,47,0.00702145365333
1330220694.55,47,0.00702145365333
1330220694.55,48,-0.0
1330220694.56,48,-0.0
1330220694.56,43,-0.0202506889522
1330220694.56,44,-0.0160186112238
1330220694.56,41,-0.000235619256112
1330220694.56,49,0.00386415557267
1330220694.56,50,0.00305163751373
1330220694.56,45,0.00216769712372
1330220694.56,46,0.000497009352868
1330220694.56,47,0.00702145365333
1330220694.56,47,0.00702145365333
1330220694.56,48,-0.0
1330220694.56,48,-0.0
1330220694.57,43,-0.0202506889522
1330220694.57,44,-0.0160186112238
1330220694.57,42,0.0
1330220694.57,49,0.00386415557267
1330220694.57,50,0.00305163751373
1330220694.57,45,0.00216769712372
1330220694.57,46,0.000497009352868
1330220694.57,47,0.00702145365333
1330220694.57,47,0.00702145365333
1330220694.57,48,-0.0
1330220694.57,48,-0.0
1330220694.58,43,-0.0202506889522
1330220694.58,41,-0.000235619256112
1330220694.58,41,-0.000235619256112
1330220694.58,49,0.00386415557267
1330220694.58,50,0.00305163751373
1330220694.58,45,0.00216769712372
1330220694.58,46,0.000497009352868
1330220694.58,47,0.00702145365333
1330220694.58,47,0.00702145365333
1330220694.58,48,-0.0
1330220694.58,48,-0.0
1330220694.58,43,-0.0202506889522
1330220694.59,42,0.0
1330220694.59,49,0.00386415557267
1330220694.59,50,0.00305163751373
1330220694.59,45,0.00216769712372
1330220694.59,46,0.000497009352868
1330220694.59,47,0.00702145365333
1330220694.59,47,0.00702145365333
1330220694.59,48,-0.0
1330220694.59,41,-0.000235619256112
1330220694.59,49,0.00386415557267
1330220694.59,50,0.00305163751373
1330220694.6,45,0.00216769712372
1330220694.6,46,0.000497009352868
1330220694.6,47,0.00702145365333
1330220694.6,47,0.00702145365333
1330220694.6,48,-0.0
1330220694.6,48,-0.0
1330220694.6,43,-0.0202506889522
1330220694.6,44,-0.0160186112238
1330220694.61,42,0.0
1330220694.61,49,0.00386415557267
1330220694.61,50,0.00305163751373
1330220694.61,45,0.00216769712372
1330220694.61,46,0.000497009352868
1330220694.61,47,0.00702145365333
1330220694.61,47,0.00702145365333
1330220694.61,48,-0.0
1330220694.62,48,-0.0
1330220694.62,43,-0.0202506889522
1330220694.62,44,-0.0160186112238
1330220694.62,39,0.00216769712372
1330220694.62,41,-0.000235619256112
1330220694.62,49,0.00386415557267
1330220694.62,50,0.00305163751373
1330220694.62,45,0.00216769712372
1330220694.62,46,0.000497009352868
1330220694.62,47,0.00702145365333
1330220694.62,47,0.00702145365333
1330220694.63,48,-0.0
1330220694.63,48,-0.0
1330220694.63,43,-0.0202506889522
1330220694.63,44,-0.0160186112238
1330220694.63,39,0.00216769712372
1330220694.63,42,0.0
1330220694.63,49,0.00386415557267
1330220694.63,50,0.00305163751373
1330220694.63,45,0.00216769712372
1330220694.63,46,0.000497009352868
1330220694.64,47,0.00702145365333
1330220694.64,47,0.00702145365333
1330220694.64,48,-0.0
1330220694.64,48,-0.0
1330220694.64,43,-0.0202506889522
1330220694.64,44,-0.0160186112238
1330220694.64,39,0.00216769712372
1330220694.64,41,-0.000235619256112
1330220694.64,49,0.00386415557267
1330220694.64,50,0.00305163751373
1330220694.64,45,0.00216769712372
1330220694.65,46,0.000497009352868
1330220694.65,47,0.00702145365333
1330220694.65,47,0.00702145365333
1330220694.65,48,-0.0
1330220694.65,48,-0.0
1330220694.65,43,-0.0202506889522
1330220694.65,44,-0.0160186112238
1330220694.65,39,0.00216769712372
1330220694.65,42,0.0
1330220694.65,49,0.00386415557267
1330220694.65,50,0.00305163751373
1330220694.66,45,0.00216769712372
1330220694.66,46,0.000497009352868
1330220694.66,47,0.00702145365333
1330220694.66,47,0.00702145365333
1330220694.66,48,-0.0
1330220694.66,48,-0.0
1330220694.66,43,-0.0202506889522
1330220694.66,44,-0.0160186112238
1330220694.66,41,-0.000235619256112
1330220694.66,41,-0.000235619256112
1330220694.67,49,0.00386415557267
1330220694.67,50,0.00305163751373
1330220694.67,45,0.00216769712372
1330220694.67,46,0.000497009352868
1330220694.67,47,0.00702145365333
1330220694.67,47,0.00702145365333
1330220694.67,48,-0.0
1330220694.67,48,-0.0
1330220694.67,43,-0.0202506889522
1330220694.67,44,-0.0160186112238
1330220694.67,42,0.0
1330220694.68,49,0.00386415557267
1330220694.68,50,0.00305163751373
1330220694.68,45,0.00216769712372
1330220694.68,46,0.000497009352868
1330220694.68,47,0.00702145365333
1330220694.68,47,0.00702145365333
1330220694.68,48,-0.0
1330220694.68,48,-0.0
1330220694.68,43,-0.0202506889522
1330220694.68,44,-0.0160186112238
1330220694.68,39,0.00216769712372
1330220694.69,41,-0.000235619256112
1330220694.69,41,-0.000235619256112
1330220694.69,49,0.00386415557267
1330220694.69,50,0.00305163751373
1330220694.69,45,0.00216769712372
1330220694.69,46,0.000497009352868
1330220694.69,47,0.00702145365333
1330220694.69,47,0.00702145365333
1330220694.69,48,-0.0
1330220694.69,48,-0.0
1330220694.69,43,-0.0202506889522
1330220694.7,44,-0.0160186112238
1330220694.7,42,0.0
1330220694.7,49,0.00386415557267
1330220694.7,50,0.00305163751373
1330220694.7,45,0.00216769712372
1330220694.7,46,0.000497009352868
1330220694.7,47,0.00702145365333
1330220694.7,47,0.00702145365333
1330220694.7,48,-0.0
1330220694.7,48,-0.0
1330220694.7,43,-0.0202506889522
1330220694.71,44,-0.0160186112238
1330220694.71,39,0.00216769712372
1330220694.71,41,-0.000235619256112
1330220694.71,41,-0.000235619256112
1330220694.71,49,0.00386415557267
1330220694.71,50,0.00305163751373
1330220694.71,45,0.00216769712372
1330220694.71,46,0.000497009352868
1330220694.71,47,0.00702145365333
1330220694.71,47,0.00702145365333
1330220694.71,48,-0.0
1330220694.72,48,-0.0
1330220694.72,43,-0.0202506889522
1330220694.72,44,-0.0160186112238
1330220694.72,42,0.0
1330220694.72,49,0.00386415557267
1330220694.72,50,0.00305163751373
1330220694.72,45,0.00216769712372
1330220694.72,46,0.000497009352868
1330220694.72,47,0.00702145365333
1330220694.72,47,0.00702145365333
1330220694.73,48,-0.0
1330220694.73,48,-0.0
1330220694.73,43,-0.0202506889522
1330220694.73,44,-0.0160186112238
1330220694.73,39,0.00216769712372
1330220694.73,41,-0.000235619256112
1330220694.73,49,0.00386415557267
1330220694.73,50,0.00305163751373
1330220694.73,45,0.00216769712372
1330220694.73,46,0.000497009352868
1330220694.73,47,0.00702145365333
1330220694.74,47,0.00702145365333
1330220694.74,48,-0.0
1330220694.74,48,-0.0
1330220694.74,43,-0.0202506889522
1330220694.74,44,-0.0160186112238
1330220694.74,39,0.00216769712372
1330220694.74,42,0.0
1330220694.74,49,0.00386415557267
1330220694.74,50,0.00305163751373
1330220694.74,45,0.00216769712372
1330220694.74,46,0.000497009352868
1330220694.75,47,0.00702145365333
1330220694.75,47,0.00702145365333
1330220694.75,48,-0.0
1330220694.75,48,-0.0
1330220694.75,43,-0.0202506889522
1330220694.75,44,-0.0160186112238
1330220694.75,41,-0.000235619256112
1330220694.75,41,-0.000235619256112
1330220694.75,49,0.00386415557267
1330220694.75,50,0.00305163751373
1330220694.76,45,0.00216769712372
1330220694.76,46,0.000497009352868
1330220694.76,47,0.00702145365333
1330220694.76,47,0.00702145365333
1330220694.76,48,-0.0
1330220694.76,48,-0.0
1330220694.76,43,-0.0202506889522
1330220694.76,44,-0.0160186112238
1330220694.76,42,0.0
1330220694.76,49,0.00386415557267
1330220694.77,50,0.00305163751373
1330220694.77,45,0.00216769712372
1330220694.77,46,0.000497009352868
1330220694.77,47,0.00702145365333
1330220694.77,47,0.00702145365333
1330220694.77,48,-0.0
1330220694.77,48,-0.0
1330220694.77,43,-0.0202506889522
1330220694.77,44,-0.0160186112238
1330220694.77,39,0.00216769712372
1330220694.77,41,-0.000235619256112
1330220694.78,49,0.00386415557267
1330220694.78,50,0.00305163751373
1330220694.78,45,0.00216769712372
1330220694.78,46,0.000497009352868
1330220694.78,47,0.00702145365333
1330220694.78,47,0.00702145365333
1330220694.78,48,-0.0
1330220694.78,48,-0.0
1330220694.78,43,-0.0202506889522
1330220694.78,44,-0.0160186112238
1330220694.79,42,0.0
1330220694.79,49,0.00386415557267
1330220694.79,50,0.00305163751373
1330220694.79,45,0.00216769712372
1330220694.79,46,0.000497009352868
1330220694.79,47,0.00702145365333
1330220694.79,47,0.00702145365333
1330220694.79,48,-0.0
1330220694.79,48,-0.0
1330220694.79,43,-0.0202506889522
1330220694.79,41,-0.000235619256112
1330220694.8,49,0.00386415557267
1330220694.8,50,0.00305163751373
1330220694.8,45,0.00216769712372
1330220694.8,46,0.000497009352868
1330220694.8,47,0.00702145365333
1330220694.8,47,0.00702145365333
1330220694.8,48,-0.0
1330220694.8,48,-0.0
1330220694.8,43,-0.0202506889522
1330220694.8,44,-0.0160186112238
1330220694.81,39,0.00216769712372
1330220694.81,42,0.0
1330220694.81,42,0.0
1330220694.81,49,0.00386415557267
1330220694.81,50,0.00305163751373
1330220694.81,45,0.00216769712372
1330220694.81,46,0.000497009352868
1330220694.81,47,0.00702145365333
1330220694.81,47,0.00702145365333
1330220694.81,48,-0.0
1330220694.81,48,-0.0
1330220694.82,43,-0.0202506889522
1330220694.82,44,-0.0160186112238
1330220694.82,41,-0.000235619256112
1330220694.82,49,0.00386415557267
1330220694.82,50,0.00305163751373
1330220694.82,45,0.00216769712372
1330220694.82,46,0.000497009352868
1330220694.82,47,0.00702145365333
1330220694.82,47,0.00702145365333
1330220694.82,48,-0.0
1330220694.82,48,-0.0
1330220694.83,43,-0.0202506889522
1330220694.83,44,-0.0160186112238
1330220694.83,39,0.00216769712372
1330220694.83,42,0.0
1330220694.83,49,0.00386415557267
1330220694.83,50,0.00305163751373
1330220694.83,45,0.00216769712372
1330220694.83,46,0.000497009352868
1330220694.83,47,0.00702145365333
1330220694.83,47,0.00702145365333
1330220694.84,48,-0.0
1330220694.84,48,-0.0
1330220694.84,43,-0.0202506889522
1330220694.84,44,-0.0160186112238
1330220694.84,39,0.00216769712372
1330220694.84,41,-0.000235619256112
1330220694.84,49,0.00386415557267
1330220694.84,50,0.00305163751373
1330220694.84,45,0.00216769712372
1330220694.84,46,0.000497009352868
1330220694.84,47,0.00702145365333
1330220694.85,47,0.00702145365333
1330220694.85,48,-0.0
1330220694.85,48,-0.0
1330220694.85,43,-0.0202506889522
1330220694.85,44,-0.0160186112238
1330220694.85,42,0.0
1330220694.85,49,0.00386415557267
1330220694.85,50,0.00305163751373
1330220694.85,45,0.00216769712372
1330220694.85,46,0.000497009352868
1330220694.85,47,0.00702145365333
1330220694.86,47,0.00702145365333
1330220694.86,48,-0.0
1330220694.86,48,-0.0
1330220694.86,43,-0.0202506889522
1330220694.86,44,-0.0160186112238
1330220694.86,39,0.00216769712372
1330220694.86,41,-0.000235619256112
1330220694.86,49,0.00386415557267
1330220694.86,50,0.00305163751373
1330220694.86,45,0.00216769712372
1330220694.86,46,0.000497009352868
1330220694.87,47,0.00702145365333
1330220694.87,47,0.00702145365333
1330220694.87,48,-0.0
1330220694.87,48,-0.0
1330220694.87,43,-0.0202506889522
1330220694.87,44,-0.0160186112238
1330220694.87,39,0.00216769712372
1330220694.87,42,0.0
1330220694.87,49,0.00386415557267
1330220694.87,50,0.00305163751373
1330220694.87,45,0.00216769712372
1330220694.88,46,0.000497009352868
1330220694.88,47,0.00702145365333
1330220694.88,47,0.00702145365333
1330220694.88,48,-0.0
1330220694.88,48,-0.0
1330220694.88,43,-0.0202506889522
1330220694.88,44,-0.0160186112238
1330220694.88,41,-0.000235619256112
1330220694.88,41,-0.000235619256112
1330220694.88,49,0.00386415557267
1330220694.88,50,0.00305163751373
1330220694.89,45,0.00216769712372
1330220694.89,46,0.000497009352868
1330220694.89,47,0.00702145365333
1330220694.89,47,0.00702145365333
1330220694.89,48,-0.0
1330220694.89,48,-0.0
1330220694.89,43,-0.0202506889522
1330220694.89,44,-0.0160186112238
1330220694.89,42,0.0
1330220694.89,49,0.00386415557267
1330220694.9,50,0.00305163751373
1330220694.9,45,0.00216769712372
1330220694.9,46,0.000497009352868
1330220694.9,47,0.00702145365333
1330220694.9,47,0.00702145365333
1330220694.9,48,-0.0
1330220694.9,48,-0.0
1330220694.9,43,-0.0202506889522
1330220694.9,44,-0.0160186112238
1330220694.9,39,0.00216769712372
1330220694.9,41,-0.000235619256112
1330220694.91,49,0.00386415557267
1330220694.91,50,0.00305163751373
1330220694.91,45,0.00216769712372
1330220694.91,46,0.000497009352868
1330220694.91,47,0.00702145365333
1330220694.91,47,0.00702145365333
1330220694.91,48,-0.0
1330220694.91,48,-0.0
1330220694.91,43,-0.0202506889522
1330220694.91,44,-0.0160186112238
1330220694.91,39,0.00216769712372
1330220694.91,42,0.0
1330220694.92,49,0.00386415557267
1330220694.92,50,0.00305163751373
1330220694.92,45,0.00216769712372
1330220694.92,46,0.000497009352868
1330220694.92,47,0.00702145365333
1330220694.92,47,0.00702145365333
1330220694.92,48,-0.0
1330220694.93,48,-0.0
1330220694.93,43,-0.0202506889522
1330220694.93,41,-0.000235619256112
1330220694.93,49,0.00386415557267
1330220694.93,50,0.00305163751373
1330220694.93,45,0.00216769712372
1330220694.93,46,0.000497009352868
1330220694.93,47,0.00702145365333
1330220694.94,47,0.00702145365333
1330220694.94,42,0.0
1330220694.94,49,0.00386415557267
1330220694.94,50,0.00305163751373
1330220694.94,45,0.00216769712372
1330220694.94,46,0.000497009352868
1330220694.94,47,0.00702145365333
1330220694.94,47,0.00702145365333
1330220694.94,48,-0.0
1330220694.94,48,-0.0
1330220694.95,41,-0.000235619256112
1330220694.95,49,0.00386415557267
1330220694.95,50,0.00305163751373
1330220694.95,45,0.00216769712372
1330220694.95,46,0.000497009352868
1330220694.95,47,0.00702145365333
1330220694.95,47,0.00702145365333
1330220694.95,48,-0.0
1330220694.95,48,-0.0
1330220694.95,43,-0.0202506889522
1330220694.95,44,-0.0160186112238
1330220694.95,42,0.0
1330220694.95,49,0.00386415557267
1330220694.96,50,0.00305163751373
1330220694.96,45,0.00216769712372
1330220694.96,46,0.000497009352868
1330220694.96,47,0.00702145365333
1330220694.96,47,0.00702145365333
1330220694.96,48,-0.0
1330220694.96,48,-0.0
1330220694.96,43,-0.0202506889522
1330220694.96,44,-0.0160186112238
1330220694.96,41,-0.000235619256112
1330220694.96,49,0.00386415557267
1330220694.96,50,0.00305163751373
1330220694.97,45,0.00216769712372
1330220694.97,46,0.000497009352868
1330220694.97,47,0.00702145365333
1330220694.97,47,0.00702145365333
1330220694.97,48,-0.0
1330220694.97,48,-0.0
1330220694.97,43,-0.0202506889522
1330220694.97,44,-0.0160186112238
1330220694.97,42,0.0
1330220694.97,49,0.00386415557267
1330220694.97,50,0.00305163751373
1330220694.97,45,0.00216769712372
1330220694.97,46,0.000497009352868
1330220694.98,47,0.00702145365333
1330220694.98,47,0.00702145365333
1330220694.98,48,-0.0
1330220694.98,48,-0.0
1330220694.98,43,-0.0202506889522
1330220694.98,41,-0.000235619256112
1330220694.98,41,-0.000235619256112
1330220694.98,49,0.00386415557267
1330220694.98,50,0.00305163751373
1330220694.98,45,0.00216769712372
1330220694.98,46,0.000497009352868
1330220694.98,47,0.00702145365333
1330220694.99,47,0.00702145365333
1330220694.99,48,-0.0
1330220694.99,48,-0.0
1330220694.99,43,-0.0202506889522
1330220694.99,42,0.0
1330220694.99,49,0.00386415557267
1330220694.99,50,0.00305163751373
1330220694.99,45,0.00216769712372
1330220694.99,46,0.000497009352868
1330220694.99,47,0.00702145365333
1330220694.99,47,0.00702145365333
1330220694.99,48,-0.0
1330220695.0,48,-0.0
1330220695.0,43,-0.0202506889522
1330220695.0,44,-0.0160186112238
1330220695.0,41,-0.000235619256112
1330220695.0,49,0.00386415557267
1330220695.0,50,0.00305163751373
1330220695.0,45,0.00216769712372
1330220695.0,46,0.000497009352868
1330220695.0,47,0.00702145365333
1330220695.0,47,0.00702145365333
1330220695.0,48,-0.0
1330220695.0,48,-0.0
1330220695.01,43,-0.0202506889522
1330220695.01,42,0.0
1330220695.01,42,0.0
1330220695.01,49,0.00386415557267
1330220695.01,50,0.00305163751373
1330220695.01,45,0.00216769712372
1330220695.01,46,0.000497009352868
1330220695.01,47,0.00702145365333
1330220695.01,47,0.00702145365333
1330220695.01,48,-0.0
1330220695.01,48,-0.0
1330220695.02,43,-0.0202506889522
1330220695.02,41,-0.000235619256112
1330220695.02,49,0.00386415557267
1330220695.02,50,0.00305163751373
1330220695.02,45,0.00216769712372
1330220695.02,46,0.000497009352868
1330220695.02,47,0.00702145365333
1330220695.02,47,0.00702145365333
1330220695.02,48,-0.0
1330220695.02,48,-0.0
1330220695.02,43,-0.0202506889522
1330220695.02,44,-0.0160186112238
1330220695.03,42,0.0
1330220695.03,49,0.00386415557267
1330220695.03,50,0.00305163751373
1330220695.03,45,0.00216769712372
1330220695.03,46,0.000497009352868
1330220695.03,47,0.00702145365333
1330220695.03,47,0.00702145365333
1330220695.03,48,-0.0
1330220695.03,48,-0.0
1330220695.03,43,-0.0202506889522
1330220695.03,44,-0.0160186112238
1330220695.03,41,-0.000235619256112
1330220695.04,49,0.00386415557267
1330220695.04,50,0.00305163751373
1330220695.04,45,0.00216769712372
1330220695.04,46,0.000497009352868
1330220695.04,47,0.00702145365333
1330220695.04,47,0.00702145365333
1330220695.04,48,-0.0
1330220695.04,48,-0.0
1330220695.04,43,-0.0202506889522
1330220695.04,39,0.00216769712372
1330220695.04,42,0.0
1330220695.04,49,0.00386415557267
1330220695.05,50,0.00305163751373
1330220695.05,45,0.00216769712372
1330220695.05,46,0.000497009352868
1330220695.05,47,0.00702145365333
1330220695.05,47,0.00702145365333
1330220695.05,48,-0.0
1330220695.05,48,-0.0
1330220695.05,43,-0.0202506889522
1330220695.05,41,-0.000235619256112
1330220695.05,41,-0.000235619256112
1330220695.05,49,0.00386415557267
1330220695.05,50,0.00305163751373
1330220695.06,45,0.00216769712372
1330220695.06,46,0.000497009352868
1330220695.06,47,0.00702145365333
1330220695.06,47,0.00702145365333
1330220695.06,48,-0.0
1330220695.06,48,-0.0
1330220695.06,43,-0.0202506889522
1330220695.06,39,0.00216769712372
1330220695.06,42,0.0
1330220695.06,49,0.00386415557267
1330220695.06,50,0.00305163751373
1330220695.06,45,0.00216769712372
1330220695.06,46,0.000497009352868
1330220695.07,47,0.00702145365333
1330220695.07,47,0.00702145365333
1330220695.07,48,-0.0
1330220695.07,48,-0.0
1330220695.07,41,-0.000235619256112
1330220695.07,49,0.00386415557267
1330220695.07,50,0.00305163751373
1330220695.07,45,0.00216769712372
1330220695.07,46,0.000497009352868
1330220695.07,47,0.00702145365333
1330220695.07,47,0.00702145365333
1330220695.07,48,-0.0
1330220695.08,48,-0.0
1330220695.08,43,-0.0202506889522
1330220695.08,44,-0.0160186112238
1330220695.08,42,0.0
1330220695.08,49,0.00386415557267
1330220695.08,50,0.00305163751373
1330220695.08,45,0.00216769712372
1330220695.08,46,0.000497009352868
1330220695.08,47,0.00702145365333
1330220695.08,47,0.00702145365333
1330220695.08,48,-0.0
1330220695.08,48,-0.0
1330220695.09,43,-0.0202506889522
1330220695.09,41,-0.000235619256112
1330220695.09,49,0.00386415557267
1330220695.09,50,0.00305163751373
1330220695.09,45,0.00216769712372
1330220695.09,46,0.000497009352868
1330220695.09,47,0.00702145365333
1330220695.09,47,0.00702145365333
1330220695.09,48,-0.0
1330220695.09,48,-0.0
1330220695.09,43,-0.0202506889522
1330220695.09,42,0.0
1330220695.1,42,0.0
1330220695.1,49,0.00386415557267
1330220695.1,50,0.00305163751373
1330220695.1,45,0.00216769712372
1330220695.1,46,0.000497009352868
1330220695.1,47,0.00702145365333
1330220695.1,47,0.00702145365333
1330220695.1,48,-0.0
1330220695.1,48,-0.0
1330220695.1,43,-0.0202506889522
1330220695.1,41,-0.000235619256112
1330220695.1,49,0.00386415557267
1330220695.11,50,0.00305163751373
1330220695.11,45,0.00216769712372
1330220695.11,46,0.000497009352868
1330220695.11,47,0.00702145365333
1330220695.11,47,0.00702145365333
1330220695.11,48,-0.0
1330220695.11,48,-0.0
1330220695.11,43,-0.0202506889522
1330220695.11,42,0.0
1330220695.11,42,0.0
1330220695.11,49,0.00386415557267
1330220695.11,50,0.00305163751373
1330220695.12,45,0.00216769712372
1330220695.12,46,0.000497009352868
1330220695.12,47,0.00702145365333
1330220695.12,47,0.00702145365333
1330220695.12,48,-0.0
1330220695.12,48,-0