1328816850.44,20,-0.368285639487
1328816850.44,21,0.239012164297
1328816850.44,22,-0.0
1328816850.44,23,0.367382762061
1328816850.45,24,-0.368285639487
1328816850.45,25,-0.239012164297
1328816850.45,26,0.0
1328816850.45,27,0.367382762061
1328816850.45,0,0.0
1328816850.45,1,0.0
1328816850.45,2,0.0
1328816850.45,3,0.0
1328816850.46,4,0.0
1328816850.46,5,0.0
1328816850.46,6,0.0
1328816850.46,7,0.0
1328816850.46,8,0.0
1328816850.46,38,0.0
1328816850.47,20,-0.368285639487
1328816850.47,21,0.239012164297
1328816850.47,22,-0.0
1328816850.47,23,0.367382762061
1328816850.47,24,-0.368285639487
1328816850.47,25,-0.239012164297
1328816850.47,26,0.0
1328816850.48,27,0.367382762061
1328816850.48,0,0.0
1328816850.48,1,0.0
1328816850.48,2,0.0
1328816850.48,3,0.0
1328816850.48,4,0.0
1328816850.48,5,0.0
1328816850.48,6,0.0
1328816850.48,7,0.0
1328816850.48,8,0.0
1328816850.48,38,0.0
1328816850.49,20,-0.368285639487
1328816850.5,21,0.239012164297
1328816850.5,22,-0.0
1328816850.5,23,0.367382762061
1328816850.5,24,-0.368285639487
1328816850.5,25,-0.239012164297
1328816850.5,26,0.0
1328816850.5,27,0.367382762061
1328816850.5,0,0.0
1328816850.5,1,0.0
1328816850.5,2,0.0
1328816850.5,3,0.0
1328816850.51,4,0.0
1328816850.51,5,0.0
1328816850.51,6,0.0
1328816850.51,7,0.0
1328816850.51,8,0.0
1328816850.51,38,0.0
1328816850.52,20,-0.368285639487
1328816850.52,21,0.239012164297
1328816850.52,22,-0.0
1328816850.52,23,0.367382762061
1328816850.52,24,-0.368285639487
1328816850.52,25,-0.239012164297
1328816850.53,26,0.0
1328816850.53,27,0.367382762061
1328816850.53,0,0.0
1328816850.53,1,0.0
1328816850.53,2,0.0
1328816850.53,3,0.0
1328816850.53,4,0.0
1328816850.53,5,0.0
1328816850.53,6,0.0
1328816850.53,7,0.0
1328816850.53,8,0.0
1328816850.54,38,0.0
1328816850.55,20,-0.368285639487
1328816850.55,21,0.239012164297
1328816850.55,22,-0.0
1328816850.55,23,0.367382762061
1328816850.55,24,-0.368285639487
1328816850.55,25,-0.239012164297
1328816850.55,26,0.0
1328816850.55,27,0.367382762061
1328816850.55,0,0.0
1328816850.55,1,0.0
1328816850.55,2,0.0
1328816850.56,3,0.0
1328816850.56,4,0.0
1328816850.56,5,0.0
1328816850.56,6,0.0
1328816850.56,7,0.0
1328816850.56,8,0.0
1328816850.56,38,0.0
1328816850.57,20,-0.368285639487
1328816850.57,21,0.239012164297
1328816850.57,22,-0.0
1328816850.57,23,0.367382762061
1328816850.57,24,-0.368285639487
1328816850.58,25,-0.239012164297
1328816850.58,26,0.0
1328816850.58,27,0.367382762061
1328816850.58,0,0.0
1328816850.58,1,0.0
1328816850.58,2,0.0
1328816850.58,3,0.0
1328816850.58,4,0.0
1328816850.58,5,0.0
1328816850.58,6,0.0
1328816850.58,7,0.0
1328816850.59,8,0.0
1328816850.59,38,0.0
1328816850.6,20,-0.368285639487
1328816850.6,21,0.239012164297
1328816850.6,22,-0.0
1328816850.6,23,0.367382762061
1328816850.6,24,-0.368285639487
1328816850.6,25,-0.239012164297
1328816850.6,26,0.0
1328816850.6,27,0.367382762061
1328816850.6,0,0.0
1328816850.6,1,0.0
1328816850.61,2,0.0
1328816850.61,3,0.0
1328816850.61,4,0.0
1328816850.61,5,0.0
1328816850.61,6,0.0
1328816850.61,7,0.0
1328816850.61,8,0.0
1328816850.61,38,0.0
1328816850.62,20,-0.368285639487
1328816850.62,21,0.239012164297
1328816850.62,22,-0.0
1328816850.63,23,0.367382762061
1328816850.63,24,-0.368285639487
1328816850.63,25,-0.239012164297
1328816850.63,26,0.0
1328816850.63,27,0.367382762061
1328816850.63,0,0.0
1328816850.63,1,0.0
1328816850.63,2,0.0
1328816850.63,3,0.0
1328816850.63,4,0.0
1328816850.63,5,0.0
1328816850.64,6,0.0
1328816850.64,7,0.0
1328816850.64,8,0.0
1328816850.64,38,0.0
1328816850.65,20,-0.368285639487
1328816850.65,21,0.239012164297
1328816850.65,22,-0.0
1328816850.65,23,0.367382762061
1328816850.65,24,-0.368285639487
1328816850.65,25,-0.239012164297
1328816850.65,26,0.0
1328816850.66,27,0.367382762061
1328816850.66,0,0.0
1328816850.66,1,0.0
1328816850.66,2,0.0
1328816850.66,3,0.0
1328816850.66,4,0.0
1328816850.66,5,0.0
1328816850.66,6,0.0
1328816850.66,7,0.0
1328816850.66,8,0.0
1328816850.66,38,0.0
1328816850.67,20,-0.368285639487
1328816850.68,21,0.239012164297
1328816850.68,22,-0.0
1328816850.68,23,0.367382762061
1328816850.68,24,-0.368285639487
1328816850.68,25,-0.239012164297
1328816850.68,26,0.0
1328816850.68,27,0.367382762061
1328816850.68,0,0.0
1328816850.68,1,0.0
1328816850.68,2,0.0
1328816850.69,3,0.0
1328816850.69,4,0.0
1328816850.69,5,0.0
1328816850.69,6,0.0
1328816850.69,7,0.0
1328816850.69,8,0.0
1328816850.69,38,0.0
1328816850.7,20,-0.368285639487
1328816850.7,21,0.239012164297
1328816850.7,22,-0.0
1328816850.7,23,0.367382762061
1328816850.7,24,-0.368285639487
1328816850.71,25,-0.239012164297
1328816850.71,26,0.0
1328816850.71,27,0.367382762061
1328816850.71,0,0.0
1328816850.71,1,0.0
1328816850.71,2,0.0
1328816850.71,3,0.0
1328816850.71,4,0.0
1328816850.71,5,0.0
1328816850.71,6,0.0
1328816850.71,7,0.0
1328816850.72,8,0.0
1328816850.72,38,0.0
1328816850.73,20,-0.368285639487
1328816850.73,21,0.239012164297
1328816850.73,22,-0.0
1328816850.73,23,0.367382762061
1328816850.73,24,-0.368285639487
1328816850.73,25,-0.239012164297
1328816850.73,26,0.0
1328816850.73,27,0.367382762061
1328816850.74,0,0.0
1328816850.74,1,0.0
1328816850.74,2,0.0
1328816850.74,3,0.0
1328816850.74,4,0.0
1328816850.74,5,0.0
1328816850.74,6,0.0
1328816850.74,7,0.0
1328816850.74,8,0.0
1328816850.74,38,0.0
1328816850.75,20,-0.368285639487
1328816850.75,21,0.239012164297
1328816850.75,22,-0.0
1328816850.75,23,0.367382762061
1328816850.75,24,-0.368285639487
1328816850.76,25,-0.239012164297
1328816850.76,26,0.0
1328816850.76,27,0.367382762061
1328816850.76,0,0.0
1328816850.76,1,0.0
1328816850.76,2,0.0
1328816850.76,3,0.0
1328816850.76,4,0.0
1328816850.76,5,0.0
1328816850.76,6,0.0
1328816850.76,7,0.0
1328816850.76,8,0.0
1328816850.76,38,0.0
1328816850.77,20,-0.368285639487
1328816850.77,21,0.239012164297
1328816850.78,22,-0.0
1328816850.78,23,0.367382762061
1328816850.78,24,-0.368285639487
1328816850.78,25,-0.239012164297
1328816850.78,26,0.0
1328816850.78,27,0.367382762061
1328816850.78,0,0.0
1328816850.78,1,0.0
1328816850.78,2,0.0
1328816850.78,3,0.0
1328816850.78,4,0.0
1328816850.78,5,0.0
1328816850.78,6,0.0
1328816850.79,7,0.0
1328816850.79,8,0.0
1328816850.79,38,0.0
1328816850.8,20,-0.368285639487
1328816850.8,21,0.239012164297
1328816850.8,22,-0.0
1328816850.8,23,0.367382762061
1328816850.8,24,-0.368285639487
1328816850.8,25,-0.239012164297
1328816850.8,26,0.0
1328816850.8,27,0.367382762061
1328816850.8,0,0.0
1328816850.8,1,0.0
1328816850.8,2,0.0
1328816850.8,3,0.0
1328816850.81,4,0.0
1328816850.81,5,0.0
1328816850.81,6,0.0
1328816850.81,7,0.0
1328816850.81,8,0.0
1328816850.81,38,0.0
1328816850.82,20,-0.368285639487
1328816850.82,21,0.239012164297
1328816850.82,22,-0.0
1328816850.82,23,0.367382762061
1328816850.82,24,-0.368285639487
1328816850.82,25,-0.239012164297
1328816850.82,26,0.0
1328816850.82,27,0.367382762061
1328816850.82,0,0.0
1328816850.82,1,0.0
1328816850.83,2,0.0
1328816850.83,3,0.0
1328816850.83,4,0.0
1328816850.83,5,0.0
1328816850.83,6,0.0
1328816850.83,7,0.0
1328816850.83,8,0.0
1328816850.83,38,0.0
1328816850.84,20,-0.368285639487
1328816850.84,21,0.239012164297
1328816850.84,22,-0.0
1328816850.84,23,0.367382762061
1328816850.84,24,-0.368285639487
1328816850.84,25,-0.239012164297
1328816850.85,26,0.0
1328816850.85,27,0.367382762061
1328816850.85,0,0.0
1328816850.85,1,0.0
1328816850.85,2,0.0
1328816850.85,3,0.0
1328816850.85,4,0.0
1328816850.85,5,0.0
1328816850.85,6,0.0
1328816850.85,7,0.0
1328816850.85,8,0.0
1328816850.86,38,0.0
1328816850.86,20,-0.368285639487
1328816850.87,21,0.239012164297
1328816850.87,22,-0.0
1328816850.87,23,0.367382762061
1328816850.87,24,-0.368285639487
1328816850.87,25,-0.239012164297
1328816850.87,26,0.0
1328816850.87,27,0.367382762061
1328816850.87,0,0.0
1328816850.87,1,0.0
1328816850.87,2,0.0
1328816850.87,3,0.0
1328816850.87,4,0.0
1328816850.88,5,0.0
1328816850.88,6,0.0
1328816850.88,7,0.0
1328816850.88,8,0.0
1328816850.88,38,0.0
1328816850.89,20,-0.368285639487
1328816850.89,21,0.239012164297
1328816850.89,22,-0.0
1328816850.89,23,0.367382762061
1328816850.89,24,-0.368285639487
1328816850.89,25,-0.239012164297
1328816850.9,26,0.0
1328816850.9,27,0.367382762061
1328816850.9,0,0.0
1328816850.9,1,0.0
1328816850.9,2,0.0
1328816850.9,3,0.0
1328816850.9,4,0.0
1328816850.9,5,0.0
1328816850.9,6,0.0
1328816850.9,7,0.0
1328816850.9,8,0.0
1328816850.9,38,0.0
1328816850.91,20,-0.368285639487
1328816850.91,21,0.239012164297
1328816850.92,22,-0.0
1328816850.92,23,0.367382762061
1328816850.92,24,-0.368285639487
1328816850.92,25,-0.239012164297
1328816850.92,26,0.0
1328816850.92,27,0.367382762061
1328816850.92,0,0.0
1328816850.92,1,0.0
1328816850.92,2,0.0
1328816850.92,3,0.0
1328816850.92,4,0.0
1328816850.92,5,0.0
1328816850.92,6,0.0
1328816850.93,7,0.0
1328816850.93,8,0.0
1328816850.93,20,-0.368285639487
1328816850.93,21,0.239012164297
1328816850.93,22,-0.0
