1328816908.44,20,-0.368285639487
1328816908.44,21,0.239012164297
1328816908.44,22,-0.0
1328816908.44,23,0.367382762061
1328816908.44,24,-0.368285639487
1328816908.44,25,-0.239012164297
1328816908.44,26,0.0
1328816908.45,27,0.367382762061
1328816908.45,0,0.0
1328816908.45,1,0.0
1328816908.45,2,0.0
1328816908.45,3,0.0
1328816908.45,4,0.0
1328816908.45,5,0.0
1328816908.45,6,0.0
1328816908.45,7,0.0
1328816908.45,8,0.0
1328816908.45,38,0.0
1328816908.46,20,-0.368285639487
1328816908.46,21,0.239012164297
1328816908.47,22,-0.0
1328816908.47,23,0.367382762061
1328816908.47,24,-0.368285639487
1328816908.47,25,-0.239012164297
1328816908.47,26,0.0
1328816908.47,27,0.367382762061
1328816908.47,0,0.0
1328816908.47,1,0.0
1328816908.47,2,0.0
1328816908.47,3,0.0
1328816908.47,4,0.0
1328816908.47,5,0.0
1328816908.47,6,0.0
1328816908.48,7,0.0
1328816908.48,8,0.0
1328816908.48,38,0.0
1328816908.49,20,-0.368285639487
1328816908.49,21,0.239012164297
1328816908.49,22,-0.0
1328816908.49,23,0.367382762061
1328816908.49,24,-0.368285639487
1328816908.49,25,-0.239012164297
1328816908.49,26,0.0
1328816908.49,27,0.367382762061
1328816908.49,0,0.0
1328816908.49,1,0.0
1328816908.49,2,0.0
1328816908.5,3,0.0
1328816908.5,4,0.0
1328816908.5,5,0.0
1328816908.5,6,0.0
1328816908.5,7,0.0
1328816908.5,8,0.0
1328816908.5,38,0.0
1328816908.51,20,-0.368285639487
1328816908.51,21,0.239012164297
1328816908.51,22,-0.0
1328816908.51,23,0.367382762061
1328816908.51,24,-0.368285639487
1328816908.51,25,-0.239012164297
1328816908.51,26,0.0
1328816908.52,27,0.367382762061
1328816908.52,0,0.0
1328816908.52,1,0.0
1328816908.52,2,0.0
1328816908.52,3,0.0
1328816908.52,4,0.0
1328816908.52,5,0.0
1328816908.52,6,0.0
1328816908.52,7,0.0
1328816908.52,8,0.0
1328816908.52,38,0.0
1328816908.53,20,-0.368285639487
1328816908.54,21,0.239012164297
1328816908.54,22,-0.0
1328816908.54,23,0.367382762061
1328816908.54,24,-0.368285639487
1328816908.54,25,-0.239012164297
1328816908.54,26,0.0
1328816908.54,27,0.367382762061
1328816908.54,0,0.0
1328816908.54,1,0.0
1328816908.54,2,0.0
1328816908.54,3,0.0
1328816908.54,4,0.0
1328816908.55,5,0.0
1328816908.55,6,0.0
1328816908.55,7,0.0
1328816908.55,8,0.0
1328816908.55,38,0.0
1328816908.56,20,-0.368285639487
1328816908.56,21,0.239012164297
1328816908.56,22,-0.0
1328816908.56,23,0.367382762061
1328816908.56,24,-0.368285639487
1328816908.56,25,-0.239012164297
1328816908.56,26,0.0
1328816908.57,27,0.367382762061
1328816908.57,0,0.0
1328816908.57,1,0.0
1328816908.57,2,0.0
1328816908.57,3,0.0
1328816908.57,4,0.0
1328816908.57,5,0.0
1328816908.57,6,0.0
1328816908.57,7,0.0
1328816908.57,8,0.0
1328816908.57,38,0.0
1328816908.58,20,-0.368285639487
1328816908.58,21,0.239012164297
1328816908.59,22,-0.0
1328816908.59,23,0.367382762061
1328816908.59,24,-0.368285639487
1328816908.59,25,-0.239012164297
1328816908.59,26,0.0
1328816908.59,27,0.367382762061
1328816908.59,0,0.0
1328816908.59,1,0.0
1328816908.59,2,0.0
1328816908.59,3,0.0
1328816908.59,4,0.0
1328816908.6,5,0.0
1328816908.6,6,0.0
1328816908.6,7,0.0
1328816908.6,8,0.0
1328816908.6,38,0.0
1328816908.61,20,-0.368285639487
1328816908.61,21,0.239012164297
1328816908.61,22,-0.0
1328816908.61,23,0.367382762061
1328816908.61,24,-0.368285639487
1328816908.61,25,-0.239012164297
1328816908.61,26,0.0
1328816908.61,27,0.367382762061
1328816908.62,0,0.0
1328816908.62,1,0.0
1328816908.62,2,0.0
1328816908.62,3,0.0
1328816908.62,4,0.0
1328816908.62,5,0.0
1328816908.62,6,0.0
1328816908.62,7,0.0
1328816908.62,8,0.0
1328816908.62,38,0.0
1328816908.63,20,-0.368285639487
1328816908.63,21,0.239012164297
1328816908.63,22,-0.0
1328816908.64,23,0.367382762061
1328816908.64,24,-0.368285639487
1328816908.64,25,-0.239012164297
1328816908.64,26,0.0
1328816908.64,27,0.367382762061
1328816908.64,0,0.0
1328816908.64,1,0.0
1328816908.64,2,0.0
1328816908.64,3,0.0
1328816908.64,4,0.0
1328816908.64,5,0.0
1328816908.65,6,0.0
1328816908.65,7,0.0
1328816908.65,8,0.0
1328816908.65,38,0.0
1328816908.66,20,-0.368285639487
1328816908.66,21,0.239012164297
1328816908.66,22,-0.0
1328816908.66,23,0.367382762061
1328816908.66,24,-0.368285639487
1328816908.66,25,-0.239012164297
1328816908.66,26,0.0
1328816908.66,27,0.367382762061
1328816908.66,0,0.0
1328816908.66,1,0.0
1328816908.67,2,0.0
1328816908.67,3,0.0
1328816908.67,4,0.0
1328816908.67,5,0.0
1328816908.67,6,0.0
1328816908.67,7,0.0
1328816908.67,8,0.0
1328816908.67,38,0.0
1328816908.68,20,-0.368285639487
1328816908.68,21,0.239012164297
1328816908.68,22,-0.0
1328816908.68,23,0.367382762061
1328816908.68,24,-0.368285639487
1328816908.69,25,-0.239012164297
1328816908.69,26,0.0
1328816908.69,27,0.367382762061
1328816908.69,0,0.0
1328816908.69,1,0.0
1328816908.69,2,0.0
1328816908.69,3,0.0
1328816908.69,4,0.0
1328816908.69,5,0.0
1328816908.69,6,0.0
1328816908.69,7,0.0
1328816908.7,8,0.0
1328816908.7,38,0.0
1328816908.71,20,-0.368285639487
1328816908.71,21,0.239012164297
1328816908.71,22,-0.0
1328816908.71,23,0.367382762061
1328816908.71,24,-0.368285639487
1328816908.71,25,-0.239012164297
1328816908.71,26,0.0
1328816908.71,27,0.367382762061
1328816908.71,0,0.0
1328816908.71,1,0.0
1328816908.71,2,0.0
1328816908.72,3,0.0
1328816908.72,4,0.0
1328816908.72,5,0.0
1328816908.72,6,0.0
1328816908.72,7,0.0
1328816908.72,8,0.0
1328816908.72,38,0.0
1328816908.73,20,-0.368285639487
1328816908.73,21,0.239012164297
1328816908.73,22,-0.0
1328816908.73,23,0.367382762061
1328816908.74,24,-0.368285639487
1328816908.74,25,-0.239012164297
1328816908.74,26,0.0
1328816908.74,27,0.367382762061
1328816908.74,0,0.0
1328816908.74,1,0.0
1328816908.74,2,0.0
1328816908.74,3,0.0
1328816908.74,4,0.0
1328816908.74,5,0.0
1328816908.74,6,0.0
1328816908.75,7,0.0
1328816908.75,8,0.0
1328816908.75,38,0.0
1328816908.76,20,-0.368285639487
1328816908.76,21,0.239012164297
1328816908.76,22,-0.0
1328816908.76,23,0.367382762061
1328816908.76,24,-0.368285639487
1328816908.76,25,-0.239012164297
1328816908.76,26,0.0
1328816908.76,27,0.367382762061
1328816908.77,0,0.0
1328816908.77,1,0.0
1328816908.77,2,0.0
1328816908.77,3,0.0
1328816908.77,4,0.0
1328816908.77,5,0.0
1328816908.77,6,0.0
1328816908.77,7,0.0
1328816908.77,8,0.0
1328816908.77,38,0.0
1328816908.78,20,-0.368285639487
1328816908.78,21,0.239012164297
1328816908.79,22,-0.0
1328816908.79,23,0.367382762061
1328816908.79,24,-0.368285639487
1328816908.79,25,-0.239012164297
1328816908.79,26,0.0
1328816908.79,27,0.367382762061
1328816908.79,0,0.0
1328816908.79,1,0.0
1328816908.79,2,0.0
1328816908.79,3,0.0
1328816908.8,4,0.0
1328816908.8,5,0.0
1328816908.8,6,0.0
1328816908.8,7,0.0
1328816908.8,8,0.0
1328816908.8,38,0.0
1328816908.81,20,-0.368285639487
1328816908.81,21,0.239012164297
1328816908.81,22,-0.0
1328816908.81,23,0.367382762061
1328816908.81,24,-0.368285639487
1328816908.82,25,-0.239012164297
1328816908.82,26,0.0
1328816908.82,27,0.367382762061
1328816908.82,0,0.0
1328816908.82,1,0.0
1328816908.82,2,0.0
1328816908.82,3,0.0
1328816908.82,4,0.0
1328816908.82,5,0.0
1328816908.82,6,0.0
1328816908.83,7,0.0
1328816908.83,8,0.0
1328816908.83,38,0.0
1328816908.84,20,-0.368285639487
1328816908.84,21,0.239012164297
1328816908.84,22,-0.0
1328816908.84,23,0.367382762061
1328816908.84,24,-0.368285639487
1328816908.84,25,-0.239012164297
1328816908.84,26,0.0
1328816908.84,27,0.367382762061
1328816908.84,0,0.0
1328816908.85,1,0.0
1328816908.85,2,0.0
1328816908.85,3,0.0
1328816908.85,4,0.0
1328816908.85,5,0.0
1328816908.85,6,0.0
1328816908.85,7,0.0
1328816908.85,8,0.0
1328816908.85,38,0.0
1328816908.86,20,-0.368285639487
1328816908.86,21,0.239012164297
1328816908.86,22,-0.0
1328816908.87,23,0.367382762061
1328816908.87,24,-0.368285639487
1328816908.87,25,-0.239012164297
1328816908.87,26,0.0
1328816908.87,27,0.367382762061
1328816908.87,0,0.0
1328816908.87,1,0.0
1328816908.87,2,0.0
1328816908.87,3,0.0
1328816908.87,4,0.0
1328816908.87,5,0.0
1328816908.88,6,0.0
1328816908.88,7,0.0
1328816908.88,8,0.0
1328816908.88,38,0.0
1328816908.89,20,-0.368285639487
1328816908.89,21,0.239012164297
1328816908.89,22,-0.0
1328816908.89,23,0.367382762061
1328816908.89,24,-0.368285639487
1328816908.89,25,-0.239012164297
1328816908.89,26,0.0
1328816908.89,27,0.367382762061
1328816908.9,0,0.0
1328816908.9,1,0.0
1328816908.9,2,0.0
1328816908.9,3,0.0
1328816908.9,4,0.0
1328816908.9,5,0.0
1328816908.9,6,0.0
1328816908.9,7,0.0
1328816908.9,8,0.0
1328816908.9,38,0.0
